10 100
2 6 9 2275
1 0 7 26049
2 4 6 25274
2 4 8 4118
2 2 8 19515
1 1 9 28716
2 2 5 9552
1 7 7 18549
1 0 1 32276
2 5 9 23510
2 6 7 19288
1 6 7 2603
2 2 8 27424
1 2 4 15554
2 5 6 31011
1 1 6 8924
2 0 1 29519
2 0 8 15919
1 1 6 11843
2 1 3 16230
1 1 6 6611
1 2 3 12959
1 8 9 21895
2 0 3 31724
1 5 9 5404
1 2 3 9171
1 2 6 21762
1 1 5 29646
1 2 4 24284
1 0 7 25292
1 1 7 7683
2 0 9 20910
2 0 3 17411
1 0 4 6090
2 6 8 15645
2 0 6 24428
1 3 9 29892
1 1 4 21072
2 8 9 27168
2 0 3 5673
2 1 8 5261
2 3 9 6429
2 8 9 6172
1 4 5 11846
1 4 7 18961
1 1 4 31283
2 5 6 1380
2 1 5 12133
1 3 9 20289
2 0 3 6867
1 1 6 19336
2 5 5 103
2 4 8 334
1 3 7 18302
1 4 5 28505
1 2 5 30571
1 5 7 28840
1 0 7 1012
2 2 8 28905
2 0 3 27092
2 1 2 28928
2 0 7 6968
2 4 9 23431
1 5 7 15426
2 3 4 10568
2 2 7 12169
2 0 2 21957
1 1 7 29334
1 3 8 9137
2 4 9 19049
1 8 9 12661
1 0 2 16370
2 3 9 23980
1 8 9 27801
1 3 8 31654
1 5 9 5814
1 5 8 22504
1 2 9 7705
2 5 5 3243
1 7 9 14468
1 1 2 9817
2 6 7 32300
2 8 8 6163
2 3 5 17980
2 3 3 46
1 4 6 21329
2 4 5 15537
1 1 6 20479
1 8 9 20441
1 0 0 6986
1 4 8 5269
2 0 1 25902
1 3 8 17162
2 5 6 6936
1 2 8 17680
1 6 6 9323
1 3 6 23218
2 0 9 28412
2 1 6 3763
1 7 7 19350